1	251384	14	943f140db02213e6ed44bce18671709c
2	251384	0	47daee6e30b4fa143b16ecea9350a97c
3	251384	43	c3909366bf0b7205176ecb84140e33bd
4	251384	5943	2e8a2ef4489ae6e3e5860c60e7e2945e
5	251384	41280	188ca463367abf827b9590c8ce67da2c
6	251384	607	177cf6611b35df84b7dbc90a6fc22336
7	251384	142660	fb358d924ca43371e61b6144338f02e4
8	251384	16	65457f2d43345c8240b74f09c6f75fb8
9	251384	1	8e48d5858afa7f98d4294b65094430df
10	251384	10.615	81bffed5e52ceda7b42dfee99e8b3f42
11	251384	74	d1034e7c0dd09485a148c37619067939
12	251384	6599	36da36d507279a584694092a53a6376d
13	251384	73	ba5d4f07bd273b8773dde0d58f9b696f
14	251384	1457	8713b8fa117346e9c17e2f15e5cdab52
15	251384	45	901ba4bb1ab776d4dd5c326f6c62c999
16	251384	120	18b2a00999d6c8da1134027077fc6242
17	251384	71	2afb35e3e4c212532845dceb0f7790bb
18	251384	498	4ab78419e04d9f235ee0499eb6b50c49
19	251384	55	0dc51a60ebdff76589e52f72ed64d31e
20	251384	330	864dc34331440f2366eac30ee4b7e153
