1	858	13	3d44d5364fdc87c583f83e9efd65b181
2	858	4	b8388afdf87031a5a57efdaca9a97713
3	858	9	d050a7faf2b9db05b75f2689af9136c1
4	858	11	375723484b6e9b460eb2e6f8dec53cc0
5	858	43301	64769fcb42274a6455a3d436c74f2831
6	858	49	5aab1c3d9f4fa59a222146af4f2a3ac6
7	858	1004	330bfa9ba38315d61e65d9e6c3595a3a
8	858	12	79dce5a7bb188c55b6a304c4d840dda7
9	858	1	4ebb0315b479c6b83659628690116263
10	858	0.066	8cc21ace428950822a7ae006279a2750
11	858	14	86ab8855c229469bcd8a2f2bc8a7f264
12	858	43	7641f552af5afbded6f3a75385bc6e45
13	858	7	c3630e78e29ce1eefd5e166cc99cfda8
14	858	106	e975108f3f35cfa6758814656927ba92
15	858	2	2d28b47e61c77a28e7910035d4252eaa
16	858	3	b01835031583ec26f1eb11d7e3c02e95
17	858	2	be95fc1a9ebd308ec0a35309acdab4df
18	858	2	b8242c11be491d1c35267b52db9f84b0
19	858	55	29f0b5d9d0383a277f346ce1c74f05f0
20	858	9	ddaea70583749e67a0b09f013f7577fd